1;1;373;001;05/03/25;05/03/25;13945;9877,50;0,00;8029;4636;0,00;0,00
1;1;294;001;05/03/25;05/03/25;1983;1821,60;0,00;9198;142810;0,00;0,00
3;1;89;001;05/03/25;05/03/25;41802;467,00;0,00;8034;151280;0,00;0,00
3;1;374;001;05/03/25;05/03/25;13946;4119,00;0,00;8034;4636;0,00;0,00
3;1;295;001;05/03/25;05/03/25;1984;1062,60;0,00;8034;142810;0,00;0,00
4;1;375;001;05/03/25;05/03/25;13947;3319,50;0,00;8034;4636;0,00;0,00
4;1;296;001;05/03/25;05/03/25;1985;910,80;0,00;8034;142810;0,00;0,00
4;1;14;001;05/03/25;05/03/25;748138;319,86;0,00;8034;87729;0,00;0,00
4;1;14;001;05/03/25;05/03/25;748138;907,73;0,00;8034;87729;0,00;0,00
4;1;13;001;05/03/25;05/03/25;748086;2603,59;0,00;8034;87729;0,00;0,00
5;1;376;001;05/03/25;05/03/25;13948;3346,50;0,00;8034;4636;0,00;0,00
5;1;297;001;05/03/25;05/03/25;1986;910,80;0,00;8034;142810;0,00;0,00
6;1;377;001;05/03/25;05/03/25;13949;3238,50;0,00;8034;4636;0,00;0,00
6;1;298;001;05/03/25;05/03/25;1987;607,20;0,00;8034;142810;0,00;0,00
6;1;51;001;05/03/25;05/03/25;12289;386,00;0,00;8034;297620;0,00;0,00
1;1;1891;001;05/03/25;05/03/25;1278341;21486,63;0,00;8033;142296;0,00;0,00
1;1;1892;001;05/03/25;05/03/25;1278342;20703,00;0,00;8033;142296;0,00;0,00
1;1;1893;001;05/03/25;05/03/25;1278343;20715,64;0,00;8033;142296;0,00;0,00
6;1;44;001;05/03/25;05/03/25;166955;362,10;0,00;8034;319075;0,00;0,00
5;1;293;001;05/03/25;05/03/25;130380;1903,13;0,00;8034;174868;0,00;0,00
1;1;278;001;05/03/25;05/03/25;130392;15287,46;0,00;8029;174868;0,00;0,00
6;1;5;001;05/03/25;05/03/25;3299;503,83;0,00;8034;318851;0,00;0,00
6;1;299;001;05/03/25;05/03/25;130384;1921,25;0,00;8034;174868;0,00;0,00
6;1;298;001;05/03/25;05/03/25;130383;1874,40;0,00;8034;174868;0,00;0,00
5;1;32;001;05/03/25;05/03/25;5858;625,00;0,00;8034;236293;0,00;0,00
5;1;87;001;05/03/25;05/03/25;69505;300,00;0,00;8034;226707;0,00;0,00
4;1;286;001;05/03/25;05/03/25;130394;1910,81;0,00;8034;174868;0,00;0,00
5;1;681;001;05/03/25;05/03/25;22674;2186,92;0,00;8034;205995;0,00;0,00
1;1;975;001;05/03/25;05/03/25;8931;6143,58;0,00;8029;64614;0,00;0,00
3;1;677;001;05/03/25;05/03/25;22686;3224,45;0,00;8034;205995;0,00;0,00
1;1;43;001;05/03/25;05/03/25;12382;348,71;0,00;8029;230463;0,00;0,00
1;1;405;001;05/03/25;05/03/25;60866;7520,00;0,00;8029;172131;0,00;0,00
6;1;421;001;05/03/25;05/03/25;60869;2707,20;0,00;8034;172131;0,00;0,00
6;1;682;001;05/03/25;05/03/25;22671;1592,36;0,00;8034;205995;0,00;0,00
1;1;1;001;05/03/25;05/03/25;2228;886000,00;0,00;483;446197;0,00;0,00
1;1;54;001;05/03/25;05/03/25;1466128;7696,69;0,00;8029;22770;0,00;0,00
3;1;45;001;05/03/25;05/03/25;212;190,00;0,00;8034;401314;0,00;0,00
3;1;44;001;05/03/25;05/03/25;211;306,30;0,00;8034;401314;0,00;0,00
6;1;1526;001;05/03/25;05/03/25;159047;23528,51;0,00;8034;749;0,00;0,00
6;1;1529;001;05/03/25;05/03/25;159076;5267,15;0,00;8034;749;0,00;0,00
6;1;1527;001;05/03/25;05/03/25;159048;22533,74;0,00;8034;749;0,00;0,00
6;1;1528;001;05/03/25;05/03/25;159075;29143,78;0,00;8034;749;0,00;0,00
3;1;46;001;05/03/25;05/03/25;213;140,00;0,00;8034;401314;0,00;0,00
1;1;1507;001;05/03/25;05/03/25;159118;29892,61;0,00;9198;749;0,00;0,00
1;1;1506;001;05/03/25;05/03/25;159119;23352,21;0,00;9198;749;0,00;0,00
1;1;1505;001;05/03/25;05/03/25;159117;153855,15;0,00;9198;749;0,00;0,00
3;1;47;001;05/03/25;05/03/25;214;308,55;0,00;8034;401314;0,00;0,00
1;1;4;001;05/03/25;05/03/25;65;150,00;0,00;8029;429366;0,00;0,00
1;1;4;001;05/03/25;05/03/25;65;150,00;0,00;8029;429366;0,00;0,00
1;1;4;001;05/03/25;05/03/25;65;150,00;0,00;8029;429366;0,00;0,00
4;1;15;001;05/03/25;05/03/25;202518;1967,73;0,00;8034;373846;0,00;0,00
3;1;2;001;05/03/25;05/03/25;621;349,00;0,00;8034;390022;0,00;0,00
3;1;1538;001;05/03/25;05/03/25;159507;10400,00;0,00;483;749;0,00;0,00
3;1;1538;001;05/03/25;05/03/25;159507;108,63;0,00;8034;749;0,00;0,00
1;1;109;001;05/03/25;05/03/25;2142;50,00;0,00;483;151259;0,00;0,00
4;1;9;001;05/03/25;05/03/25;17191;32,00;0,00;483;326587;0,00;0,00
1;1;186;001;06/03/25;06/03/25;24872;32639,01;0,00;9198;143754;0,00;0,00
3;1;3;001;06/03/25;06/03/25;177;325,00;0,00;8034;439515;0,00;0,00
3;1;34;001;06/03/25;06/03/25;178;700,00;0,00;8034;364771;0,00;0,00
5;1;291;001;06/03/25;06/03/25;129378;5590,90;0,00;8034;174868;0,00;0,00
5;1;292;001;06/03/25;06/03/25;129947;7356,80;0,00;8034;174868;0,00;0,00
5;1;39;001;06/03/25;06/03/25;3716;935,99;0,00;8034;276956;0,00;0,00
5;1;41;001;06/03/25;06/03/25;6056;50,00;0,00;8034;276956;0,00;0,00
1;1;660;001;06/03/25;06/03/25;22528;1031,83;0,00;9198;205995;0,00;0,00
6;1;988;001;06/03/25;06/03/25;8902;4301,83;0,00;8034;64614;0,00;0,00
6;1;18;001;06/03/25;06/03/25;104635;2536,17;0,00;8034;269523;0,00;0,00
1;1;45;001;06/03/25;06/03/25;69493;10048,50;0,00;9198;159662;0,00;0,00
1;1;46;001;06/03/25;06/03/25;69494;10703,10;0,00;9198;159662;0,00;0,00
3;1;27;001;06/03/25;06/03/25;157412;5067,56;0,00;8034;181575;0,00;0,00
1;1;973;001;06/03/25;06/03/25;8912;6158,61;0,00;9198;64614;0,00;0,00
4;1;983;001;06/03/25;06/03/25;8925;5502,73;0,00;8034;64614;0,00;0,00
6;1;989;001;06/03/25;06/03/25;8926;5599,51;0,00;8034;64614;0,00;0,00
3;1;4;001;06/03/25;06/03/25;71648;738,00;0,00;8034;439513;0,00;0,00
1;1;6;001;06/03/25;06/03/25;80940;684,00;0,00;9198;483;0,00;0,00
1;1;7;001;06/03/25;06/03/25;80942;576,00;0,00;9198;483;0,00;0,00
1;1;191;001;06/03/25;06/03/25;25491;33929,13;0,00;9198;143754;0,00;0,00
4;1;984;001;06/03/25;06/03/25;8932;5367,32;0,00;8034;64614;0,00;0,00
1;1;77;001;06/03/25;06/03/25;125252;1055,07;0,00;9198;62247;0,00;0,00
4;1;679;001;06/03/25;06/03/25;22693;1185,80;0,00;8034;205995;0,00;0,00
3;1;981;001;06/03/25;06/03/25;8936;5236,98;0,00;8034;64614;0,00;0,00
3;1;5;001;06/03/25;06/03/25;71790;149,50;0,00;8034;439513;0,00;0,00
3;1;5;001;06/03/25;06/03/25;71790;345,00;0,00;8034;439513;0,00;0,00
3;1;1;001;06/03/25;06/03/25;779;788,00;0,00;8034;443871;0,00;0,00
5;1;295;001;06/03/25;06/03/25;130939;1830,40;0,00;8034;174868;0,00;0,00
5;1;294;001;06/03/25;06/03/25;130937;3942,19;0,00;8034;174868;0,00;0,00
1;1;105;001;06/03/25;06/03/25;403;876,84;0,00;9198;385776;0,00;0,00
1;1;100;001;06/03/25;06/03/25;451;245,00;0,00;9198;385776;0,00;0,00
3;1;29;001;06/03/25;06/03/25;158288;2613,36;0,00;8034;181575;0,00;0,00
5;1;417;001;06/03/25;06/03/25;61026;354,00;0,00;8034;172131;0,00;0,00
5;1;55;001;06/03/25;06/03/25;1466175;7509,49;0,00;8034;22770;0,00;0,00
5;1;475;001;06/03/25;06/03/25;1066608;13564,00;0,00;8034;1174;0,00;0,00
1;1;435;001;06/03/25;06/03/25;1840043;14874,97;0,00;9198;561;0,00;0,00
6;1;479;001;06/03/25;06/03/25;1066609;23504,20;0,00;8034;1174;0,00;0,00
3;1;408;001;06/03/25;06/03/25;61023;354,00;0,00;8034;172131;0,00;0,00
6;1;10;001;06/03/25;06/03/25;91;750,00;0,00;8034;313466;0,00;0,00
4;1;8;001;06/03/25;06/03/25;26349;449,28;0,00;8034;76715;0,00;0,00
1;1;441;001;06/03/25;06/03/25;1247;6663,07;0,00;9198;142809;0,00;0,00
3;1;442;001;06/03/25;06/03/25;1249;16024,69;0,00;8034;142809;0,00;0,00
4;1;443;001;06/03/25;06/03/25;1250;12445,31;0,00;8034;142809;0,00;0,00
5;1;444;001;06/03/25;06/03/25;1251;10113,77;0,00;8034;142809;0,00;0,00
6;1;445;001;06/03/25;06/03/25;1252;8807,93;0,00;8034;142809;0,00;0,00
1;1;7;001;06/03/25;06/03/25;475;280,00;0,00;483;348076;0,00;0,00
1;1;2;001;06/03/25;06/03/25;26142;254,00;0,00;483;444211;0,00;0,00
1;1;3;001;06/03/25;06/03/25;2477;69,00;0,00;483;442447;0,00;0,00
5;1;63;001;06/03/25;06/03/25;281988;50,00;0,00;483;218150;0,00;0,00
4;1;285;001;07/03/25;07/03/25;129490;3748,80;0,00;8034;174868;0,00;0,00
4;1;283;001;07/03/25;07/03/25;129478;5522,95;0,00;8034;174868;0,00;0,00
4;1;284;001;07/03/25;07/03/25;129488;1900,80;0,00;8034;174868;0,00;0,00
1;1;276;001;07/03/25;07/03/25;130084;9288,41;0,00;8029;174868;0,00;0,00
1;1;277;001;07/03/25;07/03/25;130094;9342,50;0,00;8029;174868;0,00;0,00
1;1;661;001;07/03/25;07/03/25;22572;2486,75;0,00;8029;205995;0,00;0,00
1;1;664;001;07/03/25;07/03/25;22729;894,26;0,00;8029;205995;0,00;0,00
1;1;665;001;07/03/25;07/03/25;22748;452,97;0,00;8029;205995;0,00;0,00
1;1;666;001;07/03/25;07/03/25;22749;1086,00;0,00;8029;205995;0,00;0,00
1;1;4;001;07/03/25;07/03/25;97700;3330,92;0,00;8029;341291;0,00;0,00
4;1;30;001;07/03/25;07/03/25;24775;120,00;0,00;8034;207364;0,00;0,00
4;1;7;001;07/03/25;07/03/25;26377;343,04;0,00;8034;76715;0,00;0,00
1;1;671;001;07/03/25;07/03/25;22892;343,20;0,00;8029;205995;0,00;0,00
3;1;19;001;07/03/25;07/03/25;333;486,00;0,00;8034;420439;0,00;0,00
5;1;42;001;07/03/25;07/03/25;23703;143,75;0,00;8034;287319;0,00;0,00
5;1;42;001;07/03/25;07/03/25;23703;115,80;0,00;8034;287319;0,00;0,00
5;1;42;001;07/03/25;07/03/25;23703;626,92;0,00;8034;287319;0,00;0,00
5;1;42;001;07/03/25;07/03/25;23703;616,86;0,00;8034;287319;0,00;0,00
5;1;42;001;07/03/25;07/03/25;23703;247,95;0,00;8034;287319;0,00;0,00
1;1;2;001;07/03/25;07/03/25;63;200,00;0,00;8032;429366;0,00;0,00
1;1;3;001;07/03/25;07/03/25;64;30,00;0,00;8032;429366;0,00;0,00
1;1;4;001;07/03/25;07/03/25;65;500,00;0,00;8032;429366;0,00;0,00
1;1;1;001;07/03/25;07/03/25;117;4000,00;0,00;9198;436623;0,00;0,00
5;1;103;001;07/03/25;07/03/25;119318;83,83;0,00;8034;344021;0,00;0,00
1;1;1;001;07/03/25;07/03/25;22;65,00;0,00;483;446198;0,00;0,00
3;1;36;001;07/03/25;07/03/25;6541;53,50;0,00;483;231454;0,00;0,00
3;1;7;001;07/03/25;07/03/25;11875;45,00;0,00;483;220239;0,00;0,00
3;1;184;001;07/03/25;07/03/25;166326;440,10;0,00;483;209294;0,00;0,00
1;1;170;001;10/03/25;10/03/25;71496;24260,03;0,00;8029;164466;0,00;0,00
1;1;461;001;10/03/25;10/03/25;170177;449,34;0,00;8029;251179;0,00;0,00
1;1;460;001;10/03/25;10/03/25;132607;192,58;0,00;8029;251179;0,00;0,00
1;1;354;001;10/03/25;10/03/25;358078;8445,28;0,00;8029;142812;0,00;0,00
3;1;464;001;10/03/25;10/03/25;170435;305,47;0,00;8034;251179;0,00;0,00
3;1;463;001;10/03/25;10/03/25;132861;130,91;0,00;8034;251179;0,00;0,00
4;1;69;001;10/03/25;10/03/25;98038;234,00;0,00;8034;189432;0,00;0,00
4;1;466;001;10/03/25;10/03/25;170391;203,64;0,00;8034;251179;0,00;0,00
4;1;465;001;10/03/25;10/03/25;133015;87,28;0,00;8034;251179;0,00;0,00
4;1;356;001;10/03/25;10/03/25;357790;1130,24;0,00;8034;142812;0,00;0,00
5;1;114;001;10/03/25;10/03/25;315410;7847,53;0,00;8034;221354;0,00;0,00
5;1;467;001;10/03/25;10/03/25;132822;109,09;0,00;8034;251179;0,00;0,00
5;1;468;001;10/03/25;10/03/25;170357;254,56;0,00;8034;251179;0,00;0,00
5;1;357;001;10/03/25;10/03/25;357776;1130,24;0,00;8034;142812;0,00;0,00
5;1;59;001;10/03/25;10/03/25;23056;322,42;0,00;8034;223649;0,00;0,00
6;1;470;001;10/03/25;10/03/25;171735;147,32;0,00;8034;251179;0,00;0,00
6;1;469;001;10/03/25;10/03/25;134026;63,14;0,00;8034;251179;0,00;0,00
6;1;358;001;10/03/25;10/03/25;357797;1025,20;0,00;8034;142812;0,00;0,00
5;1;414;001;10/03/25;10/03/25;60472;3609,60;0,00;8034;172131;0,00;0,00
1;1;402;001;10/03/25;10/03/25;60508;7219,20;0,00;8029;172131;0,00;0,00
5;1;680;001;10/03/25;10/03/25;22394;4672,45;0,00;8034;205995;0,00;0,00
3;1;676;001;10/03/25;10/03/25;22388;3503,45;0,00;8034;205995;0,00;0,00
4;1;409;001;10/03/25;10/03/25;60530;3609,60;0,00;8034;172131;0,00;0,00
5;1;19;001;10/03/25;10/03/25;38212;119,85;0,00;8034;223642;0,00;0,00
5;1;19;001;10/03/25;10/03/25;38212;79,90;0,00;8034;223642;0,00;0,00
5;1;19;001;10/03/25;10/03/25;38212;79,90;0,00;8034;223642;0,00;0,00
5;1;19;001;10/03/25;10/03/25;38212;39,95;0,00;8034;223642;0,00;0,00
5;1;19;001;10/03/25;10/03/25;38212;79,90;0,00;8034;223642;0,00;0,00
1;1;1894;001;10/03/25;10/03/25;1279044;20159,52;0,00;8033;142296;0,00;0,00
1;1;1895;001;10/03/25;10/03/25;1279111;20387,02;0,00;8033;142296;0,00;0,00
1;1;1896;001;10/03/25;10/03/25;1279112;20247,99;0,00;8033;142296;0,00;0,00
1;1;1897;001;10/03/25;10/03/25;1279113;20210,07;0,00;8033;142296;0,00;0,00
1;1;14;001;10/03/25;10/03/25;298;5593,00;0,00;8029;420439;0,00;0,00
6;1;7;001;10/03/25;10/03/25;2788;602,50;0,00;8034;67420;0,00;0,00
1;1;972;001;10/03/25;10/03/25;8903;5710,19;0,00;8029;64614;0,00;0,00
1;1;75;001;10/03/25;10/03/25;124925;15245,73;0,00;8029;62247;0,00;0,00
1;1;10;001;10/03/25;10/03/25;65250;5271,95;0,00;8029;297447;0,00;0,00
1;1;974;001;10/03/25;10/03/25;8928;5154,67;0,00;8029;64614;0,00;0,00
4;1;19;001;10/03/25;10/03/25;7185;137,50;0,00;8034;186384;0,00;0,00
4;1;18;001;10/03/25;10/03/25;12675;12,50;0,00;8034;186384;0,00;0,00
4;1;11;001;10/03/25;10/03/25;65251;4702,01;0,00;8034;297447;0,00;0,00
4;1;79;001;10/03/25;10/03/25;124918;4868,96;0,00;8034;62247;0,00;0,00
3;1;28;001;10/03/25;10/03/25;157886;10187,75;0,00;8034;181575;0,00;0,00
4;1;287;001;10/03/25;10/03/25;130646;1936,00;0,00;8034;174868;0,00;0,00
1;1;976;001;10/03/25;10/03/25;8937;6879,78;0,00;8029;64614;0,00;0,00
1;1;20;001;10/03/25;10/03/25;17290;1200,00;0,00;8029;174373;0,00;0,00
4;1;80;001;10/03/25;10/03/25;125203;2478,75;0,00;8034;62247;0,00;0,00
4;1;411;001;10/03/25;10/03/25;60943;3609,60;0,00;8034;172131;0,00;0,00
3;1;6;001;10/03/25;10/03/25;257;500,00;0,00;8034;439515;0,00;0,00
3;1;439;001;10/03/25;10/03/25;1840744;7855,09;0,00;8034;561;0,00;0,00
6;1;19;001;10/03/25;10/03/25;93072;87,60;0,00;8034;309622;0,00;0,00
1;1;107;001;10/03/25;10/03/25;419;284,64;0,00;8029;385776;0,00;0,00
1;1;103;001;10/03/25;10/03/25;468;330,00;0,00;8029;385776;0,00;0,00
5;1;3;001;10/03/25;10/03/25;42;686,66;0,00;8034;351845;0,00;0,00
5;1;3;001;10/03/25;10/03/25;42;170,02;0,00;8034;351845;0,00;0,00
3;1;67;001;10/03/25;10/03/25;101981;190,00;0,00;483;143680;0,00;0,00
3;1;107;001;11/03/25;11/03/25;722178;9482,26;0,00;8034;223578;0,00;0,00
5;1;389;001;11/03/25;11/03/25;60175;2256,00;0,00;8034;172131;0,00;0,00
3;1;187;001;11/03/25;11/03/25;24991;10916,76;0,00;8034;143754;0,00;0,00
5;1;33;001;11/03/25;11/03/25;65288;390,00;0,00;8034;231441;0,00;0,00
3;1;980;001;11/03/25;11/03/25;8906;6424,16;0,00;8034;64614;0,00;0,00
1;1;47;001;11/03/25;11/03/25;69616;10048,50;0,00;9198;159662;0,00;0,00
1;1;93;001;11/03/25;11/03/25;378;1421,54;0,00;9198;385776;0,00;0,00
1;1;97;001;11/03/25;11/03/25;424;930,00;0,00;9198;385776;0,00;0,00
1;1;463;001;11/03/25;11/03/25;1062262;39129,80;0,00;9198;1174;0,00;0,00
3;1;467;001;11/03/25;11/03/25;1062228;6179,48;0,00;8034;1174;0,00;0,00
4;1;470;001;11/03/25;11/03/25;1061984;14257,67;0,00;8034;1174;0,00;0,00
4;1;12;001;11/03/25;11/03/25;65342;4160,98;0,00;8034;297447;0,00;0,00
1;1;975;001;11/03/25;11/03/25;8931;6143,59;0,00;9198;64614;0,00;0,00
1;1;76;001;11/03/25;11/03/25;125209;6397,85;0,00;9198;62247;0,00;0,00
3;1;3;001;11/03/25;11/03/25;149;5757,13;0,00;8034;443867;0,00;0,00
5;1;88;001;11/03/25;11/03/25;69532;180,00;0,00;8034;226707;0,00;0,00
3;1;82;001;11/03/25;11/03/25;38694;28728,92;0,00;8034;168251;0,00;0,00
1;1;96;001;11/03/25;11/03/25;301;5630,28;0,00;9198;404430;0,00;0,00
5;1;35;001;11/03/25;11/03/25;13625;215,00;0,00;8034;236476;0,00;0,00
6;1;16;001;11/03/25;11/03/25;27727;74094,95;0,00;8034;360268;0,00;0,00
5;1;16;001;11/03/25;11/03/25;901;575,00;0,00;8034;348060;0,00;0,00
5;1;14;001;11/03/25;11/03/25;1053;175,00;0,00;8034;348060;0,00;0,00
6;1;12;001;11/03/25;11/03/25;19854;312,00;0,00;8034;56228;0,00;0,00
6;1;17;001;11/03/25;11/03/25;27728;86510,42;0,00;8034;360268;0,00;0,00
1;1;11;001;11/03/25;11/03/25;27717;119682,31;0,00;9198;360268;0,00;0,00
1;1;14;001;11/03/25;11/03/25;27720;33677,40;0,00;9198;360268;0,00;0,00
1;1;464;001;11/03/25;11/03/25;1064774;38231,64;0,00;9198;1174;0,00;0,00
4;1;985;001;11/03/25;11/03/25;8950;5059,62;0,00;8034;64614;0,00;0,00
4;1;471;001;11/03/25;11/03/25;1065141;24757,95;0,00;8034;1174;0,00;0,00
4;1;31;001;11/03/25;11/03/25;24824;120,00;0,00;8034;207364;0,00;0,00
4;1;288;001;11/03/25;11/03/25;131160;3842,50;0,00;8034;174868;0,00;0,00
1;1;78;001;11/03/25;11/03/25;125623;2475,30;0,00;9198;62247;0,00;0,00
4;1;2;001;11/03/25;11/03/25;2582;352,80;0,00;8034;370122;0,00;0,00
1;1;108;001;11/03/25;11/03/25;417;253,50;0,00;9198;385776;0,00;0,00
1;1;101;001;11/03/25;11/03/25;466;60,00;0,00;9198;385776;0,00;0,00
5;1;1;001;11/03/25;11/03/25;26;9730,00;0,00;483;410079;0,00;0,00
6;1;31;001;11/03/25;11/03/25;2425;266,80;0,00;8034;304415;0,00;0,00
3;1;48;001;11/03/25;11/03/25;215;241,30;0,00;8034;401314;0,00;0,00
3;1;30;001;11/03/25;11/03/25;2431;566,00;0,00;8034;304415;0,00;0,00
3;1;1538;001;11/03/25;11/03/25;159507;100080,07;0,00;8034;749;0,00;0,00
6;1;35;001;11/03/25;11/03/25;184;441,66;0,00;8034;364771;0,00;0,00
4;1;2;001;11/03/25;11/03/25;899686;2878,20;0,00;8034;102998;0,00;0,00
1;1;2318;001;11/03/25;11/03/25;146841;123,18;0,00;483;143714;0,00;0,02
1;1;108;001;11/03/25;11/03/25;622557;25,15;0,00;483;3087;0,01;0,00
1;1;10;001;11/03/25;11/03/25;540979;655,50;0,00;483;81525;0,02;0,00
1;1;89;001;11/03/25;11/03/25;281700;869,38;0,00;483;143713;0,00;0,02
1;1;1;001;11/03/25;11/03/25;1317;115,00;0,00;483;390365;0,00;0,00
1;1;31;001;12/03/25;12/03/25;21598;702,88;0,00;9198;341288;0,00;0,00
3;1;1938;001;12/03/25;12/03/25;1279843;19666,40;0,00;8034;142296;0,00;0,00
3;1;1939;001;12/03/25;12/03/25;1279844;19703,69;0,00;8034;142296;0,00;0,00
3;1;1940;001;12/03/25;12/03/25;1279845;19218,87;0,00;8034;142296;0,00;0,00
3;1;1941;001;12/03/25;12/03/25;1279846;19629,11;0,00;8034;142296;0,00;0,00
1;1;973;001;12/03/25;12/03/25;8912;6158,61;0,00;9198;64614;0,00;0,00
4;1;984;001;12/03/25;12/03/25;8932;5367,33;0,00;8034;64614;0,00;0,00
1;1;77;001;12/03/25;12/03/25;125252;1024,04;0,00;9198;62247;0,00;0,00
1;1;21;001;12/03/25;12/03/25;3256;1686,33;0,00;9198;146621;0,00;0,00
1;1;20;001;12/03/25;12/03/25;2420;40,34;0,00;9198;146621;0,00;0,00
1;1;977;001;12/03/25;12/03/25;8951;5038,56;0,00;9198;64614;0,00;0,00
3;1;29;001;12/03/25;12/03/25;158288;2536,50;0,00;8034;181575;0,00;0,00
3;1;30;001;12/03/25;12/03/25;158289;1251,14;0,00;8034;181575;0,00;0,00
3;1;35;001;12/03/25;12/03/25;6490;450,00;0,00;8034;231454;0,00;0,00
4;1;441;001;12/03/25;12/03/25;1841808;15602,17;0,00;8034;561;0,00;0,00
1;1;424;001;12/03/25;12/03/25;61234;196,18;0,00;9198;172131;0,00;0,00
5;1;432;001;12/03/25;12/03/25;61239;196,18;0,00;8034;172131;0,00;0,00
5;1;431;001;12/03/25;12/03/25;61238;361,67;0,00;8034;172131;0,00;0,00
1;1;3;001;12/03/25;12/03/25;852665;4634,10;0,00;8032;23845;0,00;0,00
1;1;2;001;12/03/25;12/03/25;852664;3238,15;0,00;8032;23845;0,00;0,00
4;1;40;001;12/03/25;12/03/25;10978;450,00;0,00;8034;323204;0,00;0,00
1;1;94;001;12/03/25;12/03/25;119505;330,71;0,00;8032;344021;0,00;0,00
4;1;100;001;12/03/25;12/03/25;119506;95,97;0,00;8034;344021;0,00;0,00
5;1;104;001;12/03/25;12/03/25;119507;54,02;0,00;8034;344021;0,00;0,00
6;1;5;001;12/03/25;12/03/25;507;112,50;0,00;483;405782;0,00;0,00
5;1;34;001;13/03/25;13/03/25;65359;532,67;0,00;8034;231441;0,00;0,00
5;1;34;001;13/03/25;13/03/25;65359;311,33;0,00;8034;231441;0,00;0,00
4;1;983;001;13/03/25;13/03/25;8925;5502,73;0,00;8034;64614;0,00;0,00
6;1;989;001;13/03/25;13/03/25;8926;5599,51;0,00;8034;64614;0,00;0,00
5;1;474;001;13/03/25;13/03/25;1062834;28658,06;0,00;8034;1174;0,00;0,00
5;1;50;001;13/03/25;13/03/25;69677;10494,90;0,00;8034;159662;0,00;0,00
3;1;981;001;13/03/25;13/03/25;8936;5236,98;0,00;8034;64614;0,00;0,00
1;1;667;001;13/03/25;13/03/25;22771;1145,94;0,00;8033;205995;0,00;0,00
5;1;37;001;13/03/25;13/03/25;65838;522,00;0,00;8034;231441;0,00;0,00
1;1;100;001;13/03/25;13/03/25;23711;387,50;0,00;8033;148693;0,00;0,00
5;1;17;001;13/03/25;13/03/25;958;436,00;0,00;8034;405779;0,00;0,00
1;1;68;001;13/03/25;13/03/25;12745;5345,15;0,00;8033;1357;0,00;0,00
1;1;4;001;13/03/25;13/03/25;40365;1010,76;0,00;8033;420448;0,00;0,00
1;1;192;001;13/03/25;13/03/25;25582;21309,43;0,00;8033;143754;0,00;0,00
3;1;10;001;13/03/25;13/03/25;21821;387,50;0,00;8034;159303;0,00;0,00
1;1;101;001;13/03/25;13/03/25;23726;65,00;0,00;8033;148693;0,00;0,00
1;1;101;001;13/03/25;13/03/25;23726;196,00;0,00;8033;148693;0,00;0,00
1;1;279;001;13/03/25;13/03/25;131332;5754,69;0,00;8033;174868;0,00;0,00
4;1;289;001;13/03/25;13/03/25;131328;1839,20;0,00;8034;174868;0,00;0,00
1;1;436;001;13/03/25;13/03/25;1841995;15515,77;0,00;8033;561;0,00;0,00
1;1;1;001;13/03/25;13/03/25;107;11900,00;0,00;8032;248702;0,00;0,00
1;1;1;001;13/03/25;13/03/25;46441;392,00;0,00;8033;16595;0,00;0,00
3;1;1532;001;13/03/25;13/03/25;159786;54184,59;0,00;8034;749;0,00;0,00
3;1;1533;001;13/03/25;13/03/25;159787;32976,58;0,00;8034;749;0,00;0,00
4;1;35;001;13/03/25;13/03/25;7583;717,95;0,00;8034;186385;0,00;0,00
1;1;4;001;13/03/25;13/03/25;853165;1701,40;0,00;8032;23845;0,00;0,00
1;1;29;001;13/03/25;13/03/25;9794;375,00;0,00;8033;370117;0,00;0,00
3;1;118;001;13/03/25;13/03/25;7422;3580,00;0,00;8034;254880;0,00;0,00
5;1;64;001;13/03/25;13/03/25;282574;148,32;0,00;483;218150;0,00;0,00
5;1;64;001;13/03/25;13/03/25;282574;81,68;0,00;483;218150;0,00;0,00
5;1;18;001;13/03/25;13/03/25;1111;26,00;0,00;483;405779;0,00;0,00
1;1;71;001;14/03/25;14/03/25;1669;1256,40;0,00;9198;389543;0,00;0,00
3;1;72;001;14/03/25;14/03/25;1671;569,40;0,00;8034;389543;0,00;0,00
4;1;73;001;14/03/25;14/03/25;1673;353,40;0,00;8034;389543;0,00;0,00
5;1;59;001;14/03/25;14/03/25;35572;290,30;0,00;8034;223651;0,00;0,00
5;1;74;001;14/03/25;14/03/25;1674;421,80;0,00;8034;389543;0,00;0,00
6;1;75;001;14/03/25;14/03/25;1675;273,60;0,00;8034;389543;0,00;0,00
1;1;44;001;14/03/25;14/03/25;211;1463,00;0,00;9198;401314;0,00;0,00
1;1;659;001;14/03/25;14/03/25;22457;2336,92;0,00;9198;205995;0,00;0,00
5;1;199;001;14/03/25;14/03/25;25138;10537,74;0,00;8034;143754;0,00;0,00
5;1;84;001;14/03/25;14/03/25;37848;28209,98;0,00;8034;168251;0,00;0,00
3;1;3;001;14/03/25;14/03/25;268;59988,60;0,00;8034;420426;0,00;0,00
4;1;83;001;14/03/25;14/03/25;37847;28129,55;0,00;8034;168251;0,00;0,00
1;1;2;001;14/03/25;14/03/25;267;60842,81;0,00;9198;420426;0,00;0,00
5;1;292;001;14/03/25;14/03/25;129947;7356,80;0,00;8034;174868;0,00;0,00
5;1;293;001;14/03/25;14/03/25;130380;1903,13;0,00;8034;174868;0,00;0,00
1;1;278;001;14/03/25;14/03/25;130392;15287,46;0,00;9198;174868;0,00;0,00
6;1;299;001;14/03/25;14/03/25;130384;1921,25;0,00;8034;174868;0,00;0,00
6;1;298;001;14/03/25;14/03/25;130383;1874,40;0,00;8034;174868;0,00;0,00
4;1;286;001;14/03/25;14/03/25;130394;1910,81;0,00;8034;174868;0,00;0,00
5;1;295;001;14/03/25;14/03/25;130939;1830,40;0,00;8034;174868;0,00;0,00
5;1;294;001;14/03/25;14/03/25;130937;3942,19;0,00;8034;174868;0,00;0,00
5;1;33;001;14/03/25;14/03/25;5918;90,00;0,00;8034;236293;0,00;0,00
1;1;21;001;14/03/25;14/03/25;83;1028,00;0,00;9198;409001;0,00;0,00
3;1;22;001;14/03/25;14/03/25;85;537,00;0,00;8034;409001;0,00;0,00
4;1;23;001;14/03/25;14/03/25;86;321,00;0,00;8034;409001;0,00;0,00
5;1;24;001;14/03/25;14/03/25;87;361,00;0,00;8034;409001;0,00;0,00
6;1;25;001;14/03/25;14/03/25;88;221,00;0,00;8034;409001;0,00;0,00
1;1;668;001;14/03/25;14/03/25;22791;2641,60;0,00;9198;205995;0,00;0,00
1;1;669;001;14/03/25;14/03/25;22815;1130,74;0,00;9198;205995;0,00;0,00
3;1;678;001;14/03/25;14/03/25;22803;1819,89;0,00;8034;205995;0,00;0,00
3;1;198;001;14/03/25;14/03/25;25613;11288,98;0,00;8034;143754;0,00;0,00
3;1;5;001;14/03/25;14/03/25;23724;651,00;0,00;8034;162399;0,00;0,00
6;1;1;001;14/03/25;14/03/25;152223;827,00;0,00;8034;169114;0,00;0,00
6;1;4;001;14/03/25;14/03/25;1097;750,00;0,00;8034;339269;0,00;0,00
4;1;17;001;14/03/25;14/03/25;228090;598,50;0,00;8034;262596;0,00;0,00
1;1;211;001;14/03/25;14/03/25;25739;298,75;0,00;9198;23899;0,00;0,00
3;1;1040;001;14/03/25;14/03/25;65780;152,00;0,00;8034;181605;0,00;0,00
3;1;1039;001;14/03/25;14/03/25;65779;1302,73;0,00;8034;181605;0,00;0,00
5;1;1;001;14/03/25;14/03/25;79;1695,00;0,00;483;445320;0,00;0,00
5;1;3;001;14/03/25;14/03/25;2265;364,00;0,00;8034;211048;0,00;0,00
5;1;115;001;14/03/25;14/03/25;318491;192,47;0,00;8034;221354;0,00;0,00
1;1;3;001;14/03/25;14/03/25;26315;193,00;0,00;483;444211;0,00;0,00
3;1;37;001;14/03/25;14/03/25;6606;85,00;0,00;483;231454;0,00;0,00
3;1;185;001;14/03/25;14/03/25;168042;94,79;0,01;483;209294;0,00;0,00
3;1;185;001;14/03/25;14/03/25;168042;42,90;0,00;483;209294;0,00;0,00
4;1;15;001;17/03/25;17/03/25;677453;0,62;0,00;8034;61448;0,00;0,00
3;1;61;001;17/03/25;17/03/25;707919;294,62;0,00;8034;87728;0,00;0,00
1;1;403;001;17/03/25;17/03/25;60573;11280,00;0,00;9198;172131;0,00;0,00
6;1;418;001;17/03/25;17/03/25;60581;1864,80;0,00;8034;172131;0,00;0,00
4;1;1957;001;17/03/25;17/03/25;1277091;19544,92;0,00;8034;142296;0,00;0,00
4;1;1958;001;17/03/25;17/03/25;1277092;20025,02;0,00;8034;142296;0,00;0,00
4;1;1959;001;17/03/25;17/03/25;1277093;19128,00;0,00;8034;142296;0,00;0,00
4;1;1960;001;17/03/25;17/03/25;1277094;19532,29;0,00;8034;142296;0,00;0,00
4;1;1961;001;17/03/25;17/03/25;1277095;20176,63;0,00;8034;142296;0,00;0,00
4;1;1962;001;17/03/25;17/03/25;1277096;20922,05;0,00;8034;142296;0,00;0,00
1;1;80;001;17/03/25;17/03/25;37886;84971,60;0,00;8039;168251;0,00;0,00
1;1;41;001;17/03/25;17/03/25;12238;705,63;0,00;9198;230463;0,00;0,00
5;1;40;001;17/03/25;17/03/25;3742;645,02;0,00;8034;276956;0,00;0,00
5;1;42;001;17/03/25;17/03/25;6075;316,66;0,00;8034;276956;0,00;0,00
1;1;1898;001;17/03/25;17/03/25;1280489;19679,23;0,00;8033;142296;0,00;0,00
1;1;663;001;17/03/25;17/03/25;22652;2652,19;0,00;9198;205995;0,00;0,00
5;1;102;001;17/03/25;17/03/25;300;5588,40;0,00;8034;404430;0,00;0,00
3;1;1929;001;17/03/25;17/03/25;1280479;18945,38;0,00;8034;142296;0,00;0,00
3;1;1930;001;17/03/25;17/03/25;1280480;20710,63;0,00;8034;142296;0,00;0,00
3;1;1931;001;17/03/25;17/03/25;1280481;20623,61;0,00;8034;142296;0,00;0,00
3;1;1932;001;17/03/25;17/03/25;1280482;20710,63;0,00;8034;142296;0,00;0,00
6;1;1985;001;17/03/25;17/03/25;1280485;15588,74;0,00;8034;142296;0,00;0,00
6;1;1986;001;17/03/25;17/03/25;1280486;20260,37;0,00;8034;142296;0,00;0,00
6;1;1987;001;17/03/25;17/03/25;1280487;18399,21;0,00;8034;142296;0,00;0,00
6;1;1988;001;17/03/25;17/03/25;1280488;20172,93;0,00;8034;142296;0,00;0,00
1;1;974;001;17/03/25;17/03/25;8928;5154,67;0,00;9198;64614;0,00;0,00
1;1;48;001;17/03/25;17/03/25;69716;10048,50;0,00;8039;159662;0,00;0,00
3;1;28;001;17/03/25;17/03/25;157886;10187,74;0,00;8034;181575;0,00;0,00
1;1;976;001;17/03/25;17/03/25;8937;6879,78;0,00;9198;64614;0,00;0,00
1;1;1;001;17/03/25;17/03/25;6188371;4500,00;0,00;9198;444209;0,00;0,00
1;1;5;001;17/03/25;17/03/25;908;701,00;0,00;9198;415522;0,00;0,00
1;1;5;001;17/03/25;17/03/25;908;269,75;0,00;9198;415522;0,00;0,00
1;1;10;001;17/03/25;17/03/25;12104;2783,33;0,00;9198;162402;0,00;0,00
4;1;80;001;17/03/25;17/03/25;125203;2478,75;0,00;8034;62247;0,00;0,00
1;1;62;001;17/03/25;17/03/25;194292;867,00;0,00;9198;143708;0,00;0,00
5;1;44;001;17/03/25;17/03/25;3797;334,50;0,00;8034;276956;0,00;0,00
5;1;43;001;17/03/25;17/03/25;6110;175,00;0,00;8034;276956;0,00;0,00
1;1;1;001;17/03/25;17/03/25;127;74773,65;0,00;9198;443867;0,00;0,00
5;1;416;001;17/03/25;17/03/25;61025;2707,20;0,00;8034;172131;0,00;0,00
3;1;407;001;17/03/25;17/03/25;61022;4512,00;0,00;8034;172131;0,00;0,00
5;1;475;001;17/03/25;17/03/25;1066608;13564,00;0,00;8034;1174;0,00;0,00
6;1;106;001;17/03/25;17/03/25;303;4604,32;0,00;8034;404430;0,00;0,00
6;1;479;001;17/03/25;17/03/25;1066609;23504,20;0,00;8034;1174;0,00;0,00
3;1;160;001;17/03/25;17/03/25;800;2205,00;0,00;8034;268859;0,00;0,00
3;1;159;001;17/03/25;17/03/25;1084;245,00;0,00;8034;268859;0,00;0,00
3;1;143;001;17/03/25;17/03/25;234646;632,06;0,00;8034;143681;0,00;0,00
3;1;143;001;17/03/25;17/03/25;234646;121,25;0,00;8034;143681;0,00;0,00
1;1;106;001;17/03/25;17/03/25;418;339,38;0,00;9198;385776;0,00;0,00
1;1;102;001;17/03/25;17/03/25;467;405,00;0,00;9198;385776;0,00;0,00
5;1;476;001;17/03/25;17/03/25;1069542;10543,20;0,00;8034;1174;0,00;0,00
6;1;43;001;17/03/25;17/03/25;40202;628,80;0,00;8034;304288;0,00;0,00
5;1;45;001;17/03/25;17/03/25;3874;320,00;0,00;8034;231430;0,00;0,00
5;1;44;001;17/03/25;17/03/25;2711;160,00;0,00;8034;231430;0,00;0,00
1;1;636;001;17/03/25;17/03/25;458348;2470,00;0,00;9198;28946;0,00;0,00
1;1;636;001;17/03/25;17/03/25;458348;7413,50;0,00;9198;28946;0,00;0,00
1;1;636;001;17/03/25;17/03/25;458348;6235,88;0,00;9198;28946;0,00;0,00
1;1;636;001;17/03/25;17/03/25;458348;1154,10;0,00;9198;28946;0,00;0,00
1;1;636;001;17/03/25;17/03/25;458348;2845,94;0,00;9198;28946;0,00;0,00
1;1;636;001;17/03/25;17/03/25;458348;8141,28;0,00;9198;28946;0,00;0,00
1;1;636;001;17/03/25;17/03/25;458348;12134,61;0,00;9198;28946;0,00;0,00
1;1;636;001;17/03/25;17/03/25;458348;2740,05;0,00;9198;28946;0,00;0,00
1;1;636;001;17/03/25;17/03/25;458348;5118,00;0,00;9198;28946;0,00;0,00
1;1;636;001;17/03/25;17/03/25;458348;8949,75;0,00;9198;28946;0,00;0,00
1;1;636;001;17/03/25;17/03/25;458348;3547,44;0,00;9198;28946;0,00;0,00
5;1;642;001;17/03/25;17/03/25;458572;4389,38;0,00;8034;28946;0,00;0,00
5;1;642;001;17/03/25;17/03/25;458572;7745,78;0,00;8034;28946;0,00;0,00
5;1;642;001;17/03/25;17/03/25;458572;8399,03;0,00;8034;28946;0,00;0,00
5;1;642;001;17/03/25;17/03/25;458572;6131,04;0,00;8034;28946;0,00;0,00
5;1;642;001;17/03/25;17/03/25;458572;1965,25;0,00;8034;28946;0,00;0,00
3;1;638;001;17/03/25;17/03/25;459480;7843,00;0,00;8034;28946;0,00;0,00
3;1;638;001;17/03/25;17/03/25;459480;7584,32;0,00;8034;28946;0,00;0,00
3;1;638;001;17/03/25;17/03/25;459480;3267,52;0,00;8034;28946;0,00;0,00
3;1;638;001;17/03/25;17/03/25;459480;9635,85;0,00;8034;28946;0,00;0,00
3;1;638;001;17/03/25;17/03/25;459480;1749,08;0,00;8034;28946;0,00;0,00
3;1;638;001;17/03/25;17/03/25;459480;3494,27;0,00;8034;28946;0,00;0,00
4;1;640;001;17/03/25;17/03/25;457991;1068,79;0,00;8034;28946;0,00;0,00
4;1;640;001;17/03/25;17/03/25;457991;7487,46;0,00;8034;28946;0,00;0,00
4;1;640;001;17/03/25;17/03/25;457991;3189,42;0,00;8034;28946;0,00;0,00
4;1;640;001;17/03/25;17/03/25;457991;5881,19;0,00;8034;28946;0,00;0,00
3;1;1535;001;17/03/25;17/03/25;160021;12043,64;0,00;8034;749;0,00;0,00
3;1;1536;001;17/03/25;17/03/25;160024;193463,31;0,00;8034;749;0,00;0,00
3;1;1534;001;17/03/25;17/03/25;160019;1356,00;0,00;8034;749;0,00;0,00
1;1;1530;001;17/03/25;17/03/25;160080;237061,06;0,00;8029;749;0,00;0,00
5;1;11;001;17/03/25;17/03/25;132;350,00;0,00;8034;313460;0,00;0,00
6;1;36;001;17/03/25;17/03/25;185;168,62;0,00;8034;364771;0,00;0,00
1;1;18;001;17/03/25;17/03/25;2708;770,00;0,00;9198;213028;0,00;0,00
1;1;1;001;17/03/25;17/03/25;122656;2098,52;0,00;9198;3164;0,00;0,00
1;1;1;001;17/03/25;17/03/25;37347;761,50;0,00;9198;446199;0,00;0,00
4;1;2;001;17/03/25;17/03/25;2007;533,99;0,00;8034;445319;0,00;0,00
4;1;1;001;17/03/25;17/03/25;2339;400,00;0,00;8034;445319;0,00;0,00
6;1;106;001;17/03/25;17/03/25;119602;91,64;0,00;8034;344021;0,00;0,00
5;1;105;001;17/03/25;17/03/25;119601;83,83;0,00;8034;344021;0,00;0,00
1;1;67;001;17/03/25;17/03/25;3398;200,00;0,00;483;156864;0,00;0,00
1;1;67;001;17/03/25;17/03/25;3398;200,00;0,00;483;156864;0,00;0,00
1;1;67;001;17/03/25;17/03/25;3398;200,00;0,00;483;156864;0,00;0,00
1;1;67;001;17/03/25;17/03/25;3398;210,00;0,00;483;156864;0,00;0,00
1;1;67;001;17/03/25;17/03/25;3398;220,00;0,00;483;156864;0,00;0,00
1;1;2319;001;17/03/25;17/03/25;147427;103,30;0,00;483;143714;0,02;0,00
1;1;137;001;18/03/25;18/03/25;1749428;275,30;0,00;9198;148722;0,00;0,00
1;1;137;001;18/03/25;18/03/25;1749428;1271,92;0,00;9198;148722;0,00;0,00
6;1;9;001;18/03/25;18/03/25;33906;330,00;0,00;8034;329911;0,00;0,00
6;1;10;001;18/03/25;18/03/25;5377;62,50;0,00;8034;329911;0,00;0,00
1;1;1;001;18/03/25;18/03/25;1583;3800,00;0,00;9198;2978;0,00;0,00
1;1;16;001;18/03/25;18/03/25;593;200,00;0,00;9198;29391;0,00;0,00
1;1;189;001;18/03/25;18/03/25;25168;77738,51;0,00;9198;143754;0,00;0,00
5;1;35;001;18/03/25;18/03/25;65407;611,00;0,00;8034;231441;0,00;0,00
1;1;276;001;18/03/25;18/03/25;130084;9288,42;0,00;9198;174868;0,00;0,00
1;1;277;001;18/03/25;18/03/25;130094;9342,50;0,00;9198;174868;0,00;0,00
3;1;81;001;18/03/25;18/03/25;37997;28792,87;0,00;8034;168251;0,00;0,00
1;1;5;001;18/03/25;18/03/25;80715;1512,50;0,00;9198;483;0,00;0,00
1;1;975;001;18/03/25;18/03/25;8931;6143,59;0,00;9198;64614;0,00;0,00
1;1;1;001;18/03/25;18/03/25;36377;5685,20;0,00;9198;48729;0,00;0,00
1;1;76;001;18/03/25;18/03/25;125209;6397,84;0,00;9198;62247;0,00;0,00
1;1;96;001;18/03/25;18/03/25;301;5630,29;0,00;9198;404430;0,00;0,00
4;1;985;001;18/03/25;18/03/25;8950;5059,63;0,00;8034;64614;0,00;0,00
1;1;39;001;18/03/25;18/03/25;124574;480,00;0,00;9198;206928;0,00;0,00
3;1;99;001;18/03/25;18/03/25;305;5243,74;0,00;8034;404430;0,00;0,00
1;1;97;001;18/03/25;18/03/25;306;5393,06;0,00;9198;404430;0,00;0,00
1;1;2;001;18/03/25;18/03/25;1588;3800,00;0,00;9198;2978;0,00;0,00
1;1;847;001;18/03/25;18/03/25;65547;37895,30;0,00;9198;165399;0,00;0,00
1;1;848;001;18/03/25;18/03/25;65543;19636,94;0,00;9198;165399;0,00;0,00
5;1;852;001;18/03/25;18/03/25;65530;19885,54;0,00;8034;165399;0,00;0,00
3;1;2;001;18/03/25;18/03/25;786;872,50;0,00;8034;443871;0,00;0,00
1;1;32;001;18/03/25;18/03/25;22073;255,00;0,00;9198;341288;0,00;0,00
1;1;78;001;18/03/25;18/03/25;125623;2402,49;0,00;9198;62247;0,00;0,00
4;1;851;001;18/03/25;18/03/25;65542;33024,98;0,00;8034;165399;0,00;0,00
1;1;849;001;18/03/25;18/03/25;65538;70744,79;0,00;9198;165399;0,00;0,00
1;1;673;001;18/03/25;18/03/25;22943;302,27;0,00;9198;205995;0,00;0,00
1;1;3;001;18/03/25;18/03/25;29397;175,00;0,00;9198;248362;0,00;0,00
1;1;437;001;18/03/25;18/03/25;1843022;7912,68;0,00;9198;561;0,00;0,00
4;1;429;001;18/03/25;18/03/25;61192;196,18;0,00;8034;172131;0,00;0,00
4;1;428;001;18/03/25;18/03/25;61191;361,67;0,00;8034;172131;0,00;0,00
4;1;449;001;18/03/25;18/03/25;1843023;15710,17;0,00;8034;561;0,00;0,00
4;1;6;001;18/03/25;18/03/25;1568;1390,00;0,00;8034;202261;0,00;0,00
1;1;17;001;18/03/25;18/03/25;596;200,00;0,00;9198;29391;0,00;0,00
3;1;186;001;18/03/25;18/03/25;168970;118,95;0,00;483;209294;0,01;0,00
4;1;61;001;19/03/25;19/03/25;28623;104,39;0,00;8034;26929;0,00;0,00
4;1;61;001;19/03/25;19/03/25;28623;39,80;0,00;8034;26929;0,00;0,00
5;1;681;001;19/03/25;19/03/25;22674;2186,91;0,00;8034;205995;0,00;0,00
3;1;677;001;19/03/25;19/03/25;22686;3224,45;0,00;8034;205995;0,00;0,00
1;1;405;001;19/03/25;19/03/25;60866;7520,00;0,00;8031;172131;0,00;0,00
6;1;421;001;19/03/25;19/03/25;60869;2707,20;0,00;8034;172131;0,00;0,00
6;1;682;001;19/03/25;19/03/25;22671;1592,36;0,00;8034;205995;0,00;0,00
4;1;984;001;19/03/25;19/03/25;8932;5367,33;0,00;8034;64614;0,00;0,00
1;1;77;001;19/03/25;19/03/25;125252;1024,04;0,00;8031;62247;0,00;0,00
4;1;287;001;19/03/25;19/03/25;130646;1936,00;0,00;8034;174868;0,00;0,00
1;1;977;001;19/03/25;19/03/25;8951;5038,56;0,00;8031;64614;0,00;0,00
1;1;2;001;19/03/25;19/03/25;67439;205,70;0,00;8031;28550;0,00;0,00
1;1;2;001;19/03/25;19/03/25;67439;205,70;0,00;8031;28550;0,00;0,00
1;1;2;001;19/03/25;19/03/25;67439;117,37;0,00;8031;28550;0,00;0,00
1;1;2;001;19/03/25;19/03/25;67439;355,79;0,00;8031;28550;0,00;0,00
1;1;2;001;19/03/25;19/03/25;67439;199,10;0,00;8031;28550;0,00;0,00
3;1;29;001;19/03/25;19/03/25;158288;2536,50;0,00;8034;181575;0,00;0,00
5;1;5;001;19/03/25;19/03/25;17252;1270,10;0,00;8034;301012;0,00;0,00
5;1;4;001;19/03/25;19/03/25;17251;1232,40;0,00;8034;301012;0,00;0,00
4;1;21;001;19/03/25;19/03/25;11756;142,08;0,00;8034;292498;0,00;0,00
4;1;21;001;19/03/25;19/03/25;11756;53,50;0,00;8034;292498;0,00;0,00
5;1;103;001;19/03/25;19/03/25;308;5926,26;0,00;8034;404430;0,00;0,00
3;1;6;001;19/03/25;19/03/25;72098;265,60;0,00;8034;439513;0,00;0,00
6;1;853;001;19/03/25;19/03/25;65610;15487,63;0,00;8034;165399;0,00;0,00
1;1;280;001;19/03/25;19/03/25;131516;15810,64;0,00;8031;174868;0,00;0,00
4;1;290;001;19/03/25;19/03/25;131514;3523,14;0,00;8034;174868;0,00;0,00
1;1;423;001;19/03/25;19/03/25;61233;361,67;0,00;8031;172131;0,00;0,00
6;1;8;001;19/03/25;19/03/25;2851;130,00;0,00;8034;67420;0,00;0,00
6;1;453;001;19/03/25;19/03/25;1843836;7631,88;0,00;8034;561;0,00;0,00
1;1;5;001;19/03/25;19/03/25;853820;247,60;0,00;9198;23845;0,00;0,00
1;1;110;001;19/03/25;19/03/25;2163;105,00;0,00;483;151259;0,00;0,00
1;1;110;001;19/03/25;19/03/25;2163;140,00;0,00;483;151259;0,00;0,00
1;1;110;001;19/03/25;19/03/25;2163;35,00;0,00;483;151259;0,00;0,00
1;1;110;001;19/03/25;19/03/25;2163;35,00;0,00;483;151259;0,00;0,00
1;1;110;001;19/03/25;19/03/25;2163;35,00;0,00;483;151259;0,00;0,00
1;1;110;001;19/03/25;19/03/25;2163;210,00;0,00;483;151259;0,00;0,00
3;1;1;001;19/03/25;19/03/25;2985;556,85;0,00;483;446200;0,01;0,00
1;1;208;001;20/03/25;20/03/25;25609;932,02;0,00;9174;23899;0,00;0,00
1;1;660;001;20/03/25;20/03/25;22528;1031,83;0,00;9174;205995;0,00;0,00
1;1;1891;001;20/03/25;20/03/25;1278341;21486,63;0,00;8033;142296;0,00;0,00
1;1;1892;001;20/03/25;20/03/25;1278342;20703,00;0,00;8033;142296;0,00;0,00
1;1;1893;001;20/03/25;20/03/25;1278343;20715,64;0,00;8033;142296;0,00;0,00
3;1;195;001;20/03/25;20/03/25;25239;21696,57;0,00;8034;143754;0,00;0,00
5;1;30;001;20/03/25;20/03/25;5777;525,00;0,00;8034;236293;0,00;0,00
5;1;36;001;20/03/25;20/03/25;65509;512,00;0,00;8034;231441;0,00;0,00
5;1;33;001;20/03/25;20/03/25;5959;933,00;0,00;8034;236476;0,00;0,00
3;1;29;001;20/03/25;20/03/25;2487;875,37;0,00;8034;326584;0,00;0,00
1;1;664;001;20/03/25;20/03/25;22729;894,24;0,00;9174;205995;0,00;0,00
4;1;679;001;20/03/25;20/03/25;22693;1185,80;0,00;8034;205995;0,00;0,00
3;1;3;001;20/03/25;20/03/25;149;5757,13;0,00;8034;443867;0,00;0,00
3;1;981;001;20/03/25;20/03/25;8936;5236,98;0,00;8034;64614;0,00;0,00
1;1;464;001;20/03/25;20/03/25;1064774;38232,79;0,00;8029;1174;0,00;0,00
1;1;105;001;20/03/25;20/03/25;403;876,84;0,00;9174;385776;0,00;0,00
1;1;100;001;20/03/25;20/03/25;451;245,00;0,00;9174;385776;0,00;0,00
4;1;471;001;20/03/25;20/03/25;1065141;24758,70;0,00;8034;1174;0,00;0,00
4;1;5;001;20/03/25;20/03/25;8367;516,23;0,00;8034;323205;0,00;0,00
4;1;4;001;20/03/25;20/03/25;5235;380,00;0,00;8034;323205;0,00;0,00
1;1;670;001;20/03/25;20/03/25;22876;852,30;0,00;9174;205995;0,00;0,00
1;1;12;001;20/03/25;20/03/25;27942;23408,84;0,00;9198;360268;0,00;0,00
4;1;288;001;20/03/25;20/03/25;131160;3842,50;0,00;8034;174868;0,00;0,00
1;1;69;001;20/03/25;20/03/25;12751;13362,87;0,00;8029;1357;0,00;0,00
6;1;4;001;20/03/25;20/03/25;22315;121690,96;0,00;8034;443868;0,00;0,00
1;1;1;001;20/03/25;20/03/25;22313;120044,43;0,00;8029;443868;0,00;0,00
1;1;2;001;20/03/25;20/03/25;22314;119791,12;0,00;8029;443868;0,00;0,00
1;1;850;001;20/03/25;20/03/25;65634;4578,71;0,00;9174;165399;0,00;0,00
4;1;49;001;20/03/25;20/03/25;70178;10611,51;0,00;8034;159662;0,00;0,00
1;1;13;001;20/03/25;20/03/25;27922;84640,50;0,00;9198;360268;0,00;0,00
3;1;3;001;20/03/25;20/03/25;22316;121956,93;0,00;8034;443868;0,00;0,00
5;1;296;001;20/03/25;20/03/25;131623;5278,44;0,00;8034;174868;0,00;0,00
4;1;71;001;20/03/25;20/03/25;12752;2672,57;0,00;8034;1357;0,00;0,00
1;1;1;001;20/03/25;20/03/25;2071;122675,66;0,00;9174;444297;0,00;0,00
1;1;480;001;20/03/25;20/03/25;1070836;27468,25;0,00;9174;1174;0,00;0,00
1;1;209;001;20/03/25;20/03/25;25610;89,84;0,00;9174;23899;0,00;0,00
1;1;210;001;20/03/25;20/03/25;25611;499,23;0,00;9174;23899;0,00;0,00
4;1;483;001;20/03/25;20/03/25;1070837;14738,86;0,00;8034;1174;0,00;0,00
6;1;305;001;20/03/25;20/03/25;131622;1646,30;0,00;8034;174868;0,00;0,00
5;1;1540;001;20/03/25;20/03/25;160462;230641,73;0,00;8034;749;0,00;0,00
1;1;1;001;20/03/25;20/03/25;19;2625,00;0,00;483;271591;0,00;0,00
3;1;2;001;20/03/25;20/03/25;2825;82,00;0,00;483;364477;0,00;0,00
3;1;42;001;20/03/25;20/03/25;69145;4,00;0,00;483;2164;0,05;0,00
3;1;12;001;21/03/25;21/03/25;262;4471,75;0,00;8034;420439;0,00;0,00
5;1;414;001;21/03/25;21/03/25;60472;3609,60;0,00;8034;172131;0,00;0,00
1;1;402;001;21/03/25;21/03/25;60508;7219,20;0,00;9198;172131;0,00;0,00
1;1;661;001;21/03/25;21/03/25;22572;2486,75;0,00;9198;205995;0,00;0,00
1;1;1922;001;21/03/25;21/03/25;1282283;19123,10;0,00;9198;142296;0,00;0,00
1;1;1901;001;21/03/25;21/03/25;1282287;12942,53;0,00;9198;142296;0,00;0,00
1;1;976;001;21/03/25;21/03/25;8937;6879,78;0,00;9198;64614;0,00;0,00
1;1;1906;001;21/03/25;21/03/25;1282629;20096,32;0,00;9198;142296;0,00;0,00
4;1;411;001;21/03/25;21/03/25;60943;3609,60;0,00;8034;172131;0,00;0,00
6;1;106;001;21/03/25;21/03/25;303;4604,32;0,00;8034;404430;0,00;0,00
1;1;279;001;21/03/25;21/03/25;131332;5754,69;0,00;9198;174868;0,00;0,00
4;1;289;001;21/03/25;21/03/25;131328;1839,20;0,00;8034;174868;0,00;0,00
5;1;36;001;21/03/25;21/03/25;13677;425,00;0,00;8034;236476;0,00;0,00
3;1;100;001;21/03/25;21/03/25;312;5108,18;0,00;8034;404430;0,00;0,00
3;1;1;001;21/03/25;21/03/25;497;781,00;0,00;8034;443870;0,00;0,00
1;1;1915;001;21/03/25;21/03/25;1285874;20968,42;0,00;9198;142296;0,00;0,00
1;1;2;001;21/03/25;21/03/25;140;55791,57;0,00;9198;443867;0,00;0,00
4;1;4;001;21/03/25;21/03/25;137;27633,05;0,00;8034;443867;0,00;0,00
3;1;5;001;21/03/25;21/03/25;138;27931,00;0,00;8034;443867;0,00;0,00
3;1;482;001;21/03/25;21/03/25;1071369;7285,42;0,00;8034;1174;0,00;0,00
5;1;485;001;21/03/25;21/03/25;1071106;6780,75;0,00;8034;1174;0,00;0,00
1;1;95;001;21/03/25;21/03/25;120215;1472,13;0,00;8032;344021;0,00;0,00
4;1;101;001;21/03/25;21/03/25;120216;136,55;0,00;8034;344021;0,00;0,00
5;1;65;001;21/03/25;21/03/25;283437;400,00;0,00;483;218150;0,00;0,00
3;1;1;001;21/03/25;21/03/25;54;135,00;0,00;483;445318;0,00;0,00
5;1;641;001;22/03/25;22/03/25;342239;0,00;0,00;483;28946;0,01;0,00
1;1;635;001;22/03/25;22/03/25;342790;0,00;0,00;483;28946;0,01;0,00
4;1;639;001;22/03/25;22/03/25;342290;0,00;0,00;483;28946;0,01;0,00
1;1;1894;001;24/03/25;24/03/25;1279044;20159,51;0,00;8033;142296;0,00;0,00
1;1;1895;001;24/03/25;24/03/25;1279111;20387,02;0,00;8033;142296;0,00;0,00
1;1;1896;001;24/03/25;24/03/25;1279112;20247,99;0,00;8033;142296;0,00;0,00
1;1;1897;001;24/03/25;24/03/25;1279113;20210,07;0,00;8033;142296;0,00;0,00
1;1;98;001;24/03/25;24/03/25;3300;468,01;0,00;9198;182941;0,00;0,00
3;1;7;001;24/03/25;24/03/25;46;870,00;0,00;8034;385797;0,00;0,00
6;1;1542;001;24/03/25;24/03/25;160782;43545,35;0,00;8034;749;0,00;0,00
1;1;96;001;24/03/25;24/03/25;120397;581,74;0,00;8032;344021;0,00;0,00
6;1;207;001;24/03/25;24/03/25;97790;4814,10;0,00;8034;62207;0,00;0,00
1;1;19;001;24/03/25;24/03/25;6326662;204,00;0,00;483;194726;0,00;0,00
1;1;2320;001;24/03/25;24/03/25;148005;69,04;0,00;483;143714;0,00;0,01
6;1;5;001;24/03/25;24/03/25;750;130,00;0,00;483;309354;0,00;0,00
3;1;187;001;24/03/25;24/03/25;170276;87,78;0,02;483;209294;0,00;0,00
1;1;70;001;25/03/25;25/03/25;131592;3600,00;0,00;9198;7018;0,00;0,00
3;1;71;001;25/03/25;25/03/25;131591;3500,00;0,00;8034;7018;0,00;0,00
4;1;72;001;25/03/25;25/03/25;131590;400,00;0,00;8034;7018;0,00;0,00
5;1;73;001;25/03/25;25/03/25;131589;2150,00;0,00;8034;7018;0,00;0,00
6;1;74;001;25/03/25;25/03/25;131588;660,00;0,00;8034;7018;0,00;0,00
4;1;409;001;25/03/25;25/03/25;60530;3609,60;0,00;8034;172131;0,00;0,00
5;1;70;001;25/03/25;25/03/25;102222;1564,12;0,00;8034;223615;0,00;0,00
5;1;293;001;25/03/25;25/03/25;130380;1903,11;0,00;8034;174868;0,00;0,00
3;1;1941;001;25/03/25;25/03/25;1279846;19629,10;0,00;8034;142296;0,00;0,00
3;1;25;001;25/03/25;25/03/25;21891;504,00;0,00;8034;239864;0,00;0,00
1;1;278;001;25/03/25;25/03/25;130392;15287,47;0,00;9198;174868;0,00;0,00
1;1;10;001;25/03/25;25/03/25;65250;5271,94;0,00;9198;297447;0,00;0,00
6;1;299;001;25/03/25;25/03/25;130384;1921,25;0,00;8034;174868;0,00;0,00
6;1;298;001;25/03/25;25/03/25;130383;1874,40;0,00;8034;174868;0,00;0,00
4;1;11;001;25/03/25;25/03/25;65251;4702,00;0,00;8034;297447;0,00;0,00
4;1;286;001;25/03/25;25/03/25;130394;1910,82;0,00;8034;174868;0,00;0,00
1;1;96;001;25/03/25;25/03/25;301;5630,29;0,00;9198;404430;0,00;0,00
5;1;1981;001;25/03/25;25/03/25;1282752;14669,06;0,00;8034;142296;0,00;0,00
3;1;99;001;25/03/25;25/03/25;305;5243,75;0,00;8034;404430;0,00;0,00
1;1;98;001;25/03/25;25/03/25;314;5380,92;0,00;9198;404430;0,00;0,00
5;1;38;001;25/03/25;25/03/25;66178;800,00;0,00;8034;231441;0,00;0,00
3;1;1;001;25/03/25;25/03/25;16771;365,20;0,00;8034;444213;0,00;0,00
3;1;24;001;25/03/25;25/03/25;7571;458,84;0,00;8034;304197;0,00;0,00
5;1;47;001;25/03/25;25/03/25;3859;74,85;0,00;8034;276956;0,00;0,00
5;1;45;001;25/03/25;25/03/25;6161;95,00;0,00;8034;276956;0,00;0,00
5;1;435;001;25/03/25;25/03/25;61340;196,18;0,00;8034;172131;0,00;0,00
6;1;208;001;25/03/25;25/03/25;97817;17223,36;0,00;8034;62207;0,00;0,00
1;1;33;001;25/03/25;25/03/25;36;2878,74;0,00;9198;216109;0,00;0,00
6;1;1;001;25/03/25;25/03/25;19229;67,00;0,00;483;446209;0,00;0,00
5;1;295;001;26/03/25;26/03/25;130939;1830,40;0,00;8034;174868;0,00;0,00
5;1;294;001;26/03/25;26/03/25;130937;3942,19;0,00;8034;174868;0,00;0,00
4;1;985;001;26/03/25;26/03/25;8950;5059,63;0,00;8034;64614;0,00;0,00
1;1;97;001;26/03/25;26/03/25;306;5393,05;0,00;9198;404430;0,00;0,00
1;1;847;001;26/03/25;26/03/25;65547;37895,30;0,00;9198;165399;0,00;0,00
1;1;848;001;26/03/25;26/03/25;65543;19636,94;0,00;9198;165399;0,00;0,00
5;1;852;001;26/03/25;26/03/25;65530;19885,54;0,00;8034;165399;0,00;0,00
3;1;19;001;26/03/25;26/03/25;333;468,00;0,00;8034;420439;0,00;0,00
1;1;78;001;26/03/25;26/03/25;125623;2402,49;0,00;9198;62247;0,00;0,00
1;1;193;001;26/03/25;26/03/25;25765;23608,71;0,00;9198;143754;0,00;0,00
1;1;672;001;26/03/25;26/03/25;22917;446,16;0,00;9198;205995;0,00;0,00
4;1;851;001;26/03/25;26/03/25;65542;33024,98;0,00;8034;165399;0,00;0,00
1;1;849;001;26/03/25;26/03/25;65538;70744,79;0,00;9198;165399;0,00;0,00
5;1;17;001;26/03/25;26/03/25;914;1542,50;0,00;8034;348060;0,00;0,00
5;1;15;001;26/03/25;26/03/25;1071;500,00;0,00;8034;348060;0,00;0,00
5;1;89;001;26/03/25;26/03/25;69586;135,00;0,00;8034;226707;0,00;0,00
5;1;86;001;26/03/25;26/03/25;7565;780,00;0,00;8034;226707;0,00;0,00
1;1;3;001;26/03/25;26/03/25;149;28042,42;0,00;9198;443867;0,00;0,00
1;1;426;001;26/03/25;26/03/25;61363;361,67;0,00;9198;172131;0,00;0,00
1;1;445;001;26/03/25;26/03/25;1846856;7451,50;0,00;9198;561;0,00;0,00
6;1;454;001;26/03/25;26/03/25;1846815;4968,43;0,00;8034;561;0,00;0,00
6;1;68;001;26/03/25;26/03/25;2920;80,00;0,00;8034;311842;0,00;0,00
6;1;66;001;26/03/25;26/03/25;2500;60,00;0,00;8034;311842;0,00;0,00
6;1;67;001;26/03/25;26/03/25;2501;10,00;0,00;8034;311842;0,00;0,00
1;1;7;001;26/03/25;26/03/25;6053;380,00;0,00;9198;172140;0,00;0,00
4;1;18;001;26/03/25;26/03/25;159239;250,75;0,00;8034;262596;0,00;0,00
4;1;102;001;26/03/25;26/03/25;120793;51,16;0,00;8034;344021;0,00;0,00
1;1;6;001;26/03/25;26/03/25;855285;120,00;0,00;483;23845;0,00;0,00
5;1;1;001;26/03/25;26/03/25;19173;175,00;0,00;483;313676;0,00;0,00
5;1;1;001;26/03/25;26/03/25;19173;20,00;0,00;483;313676;0,00;0,00
3;1;1938;001;27/03/25;27/03/25;1279843;19666,40;0,00;8034;142296;0,00;0,00
3;1;1939;001;27/03/25;27/03/25;1279844;19703,70;0,00;8034;142296;0,00;0,00
3;1;1940;001;27/03/25;27/03/25;1279845;19218,87;0,00;8034;142296;0,00;0,00
4;1;12;001;27/03/25;27/03/25;65342;4160,97;0,00;8034;297447;0,00;0,00
3;1;82;001;27/03/25;27/03/25;38694;28728,92;0,00;8034;168251;0,00;0,00
6;1;16;001;27/03/25;27/03/25;27727;74094,95;0,00;8034;360268;0,00;0,00
6;1;17;001;27/03/25;27/03/25;27728;86510,42;0,00;8034;360268;0,00;0,00
1;1;977;001;27/03/25;27/03/25;8951;5038,56;0,00;9198;64614;0,00;0,00
1;1;11;001;27/03/25;27/03/25;27717;119682,31;0,00;9198;360268;0,00;0,00
1;1;14;001;27/03/25;27/03/25;27720;33677,40;0,00;9198;360268;0,00;0,00
5;1;475;001;27/03/25;27/03/25;1066608;13564,40;0,00;8034;1174;0,00;0,00
6;1;479;001;27/03/25;27/03/25;1066609;23504,92;0,00;8034;1174;0,00;0,00
4;1;21;001;27/03/25;27/03/25;11756;142,07;0,00;8034;292498;0,00;0,00
4;1;21;001;27/03/25;27/03/25;11756;53,50;0,00;8034;292498;0,00;0,00
5;1;103;001;27/03/25;27/03/25;308;5926,26;0,00;8034;404430;0,00;0,00
6;1;853;001;27/03/25;27/03/25;65610;15487,63;0,00;8034;165399;0,00;0,00
1;1;264;001;27/03/25;27/03/25;7773;2354,89;0,00;9198;143715;0,00;0,00
3;1;15;001;27/03/25;27/03/25;28084;28687,91;0,00;8034;360268;0,00;0,00
5;1;104;001;27/03/25;27/03/25;317;5009,00;0,00;8034;404430;0,00;0,00
6;1;107;001;27/03/25;27/03/25;321;4170,64;0,00;8034;404430;0,00;0,00
5;1;476;001;27/03/25;27/03/25;1069542;10543,20;0,00;8034;1174;0,00;0,00
1;1;108;001;27/03/25;27/03/25;319;5667,58;0,00;9198;404430;0,00;0,00
3;1;25;001;27/03/25;27/03/25;7612;740,88;0,00;8034;304197;0,00;0,00
4;1;427;001;27/03/25;27/03/25;61190;3609,60;0,00;8034;172131;0,00;0,00
6;1;16;001;27/03/25;27/03/25;8326;155,00;0,00;8034;311845;0,00;0,00
6;1;15;001;27/03/25;27/03/25;2979;150,00;0,00;8034;311845;0,00;0,00
5;1;452;001;27/03/25;27/03/25;1846935;4963,84;0,00;8034;561;0,00;0,00
1;1;97;001;27/03/25;27/03/25;120850;51,53;0,00;8032;344021;0,00;0,00
1;1;23;001;27/03/25;27/03/25;8772;224,97;0,00;483;332595;0,00;0,03
1;1;13;001;28/03/25;28/03/25;115600;35332,92;0,00;9198;53215;0,00;0,00
1;1;106;001;28/03/25;28/03/25;617040;219,60;0,00;9198;3087;0,00;0,00
1;1;106;001;28/03/25;28/03/25;617040;76,04;0,00;9198;3087;0,00;0,00
5;1;6;001;28/03/25;28/03/25;151509;1260,00;0,00;8034;53729;0,00;0,00
3;1;196;001;28/03/25;28/03/25;25350;11716,50;0,00;8034;143754;0,00;0,00
6;1;7;001;28/03/25;28/03/25;75073;1062,50;0,00;8034;311841;0,00;0,00
4;1;287;001;28/03/25;28/03/25;130646;1936,00;0,00;8034;174868;0,00;0,00
1;1;667;001;28/03/25;28/03/25;22771;1145,94;0,00;9198;205995;0,00;0,00
3;1;678;001;28/03/25;28/03/25;22803;1819,89;0,00;8034;205995;0,00;0,00
4;1;1964;001;28/03/25;28/03/25;1283449;19582,83;0,00;8034;142296;0,00;0,00
4;1;1963;001;28/03/25;28/03/25;1283448;21819,06;0,00;8034;142296;0,00;0,00
4;1;1966;001;28/03/25;28/03/25;1283451;21048,38;0,00;8034;142296;0,00;0,00
4;1;1965;001;28/03/25;28/03/25;1283450;21035,75;0,00;8034;142296;0,00;0,00
1;1;850;001;28/03/25;28/03/25;65634;4578,71;0,00;9198;165399;0,00;0,00
1;1;280;001;28/03/25;28/03/25;131516;15810,64;0,00;9198;174868;0,00;0,00
1;1;194;001;28/03/25;28/03/25;25812;43730,49;0,00;9198;143754;0,00;0,00
4;1;4;001;28/03/25;28/03/25;182455;155,00;0,00;8034;276951;0,00;0,00
1;1;1916;001;28/03/25;28/03/25;1286796;21018,98;0,00;9198;142296;0,00;0,00
1;1;1917;001;28/03/25;28/03/25;1286797;17315,69;0,00;9198;142296;0,00;0,00
1;1;1918;001;28/03/25;28/03/25;1286798;15988,58;0,00;9198;142296;0,00;0,00
1;1;1919;001;28/03/25;28/03/25;1286799;21056,90;0,00;9198;142296;0,00;0,00
1;1;1920;001;28/03/25;28/03/25;1286800;19059,91;0,00;9198;142296;0,00;0,00
1;1;1921;001;28/03/25;28/03/25;1286801;18111,97;0,00;9198;142296;0,00;0,00
3;1;101;001;28/03/25;28/03/25;322;5406,56;0,00;8034;404430;0,00;0,00
1;1;675;001;28/03/25;28/03/25;22984;1661,80;0,00;9198;205995;0,00;0,00
1;1;674;001;28/03/25;28/03/25;22968;2154,49;0,00;9198;205995;0,00;0,00
4;1;290;001;28/03/25;28/03/25;131514;3523,14;0,00;8034;174868;0,00;0,00
3;1;2031;001;28/03/25;28/03/25;1286835;15066,80;0,00;8034;142296;0,00;0,00
3;1;2032;001;28/03/25;28/03/25;1286836;20312,83;0,00;8034;142296;0,00;0,00
3;1;2033;001;28/03/25;28/03/25;1286837;17242,29;0,00;8034;142296;0,00;0,00
3;1;2035;001;28/03/25;28/03/25;1286840;18845,93;0,00;8034;142296;0,00;0,00
3;1;2034;001;28/03/25;28/03/25;1286838;18448,13;0,00;8034;142296;0,00;0,00
5;1;271;001;28/03/25;28/03/25;7779;310,00;0,00;8034;143715;0,00;0,00
5;1;91;001;28/03/25;28/03/25;69597;270,00;0,00;8034;226707;0,00;0,00
5;1;34;001;28/03/25;28/03/25;6023;520,00;0,00;8034;236293;0,00;0,00
4;1;270;001;28/03/25;28/03/25;7780;383,66;0,00;8034;143715;0,00;0,00
5;1;2047;001;28/03/25;28/03/25;1286841;19027,07;0,00;8034;142296;0,00;0,00
5;1;2046;001;28/03/25;28/03/25;1286810;18198,17;0,00;8034;142296;0,00;0,00
5;1;2042;001;28/03/25;28/03/25;1286806;20747,67;0,00;8034;142296;0,00;0,00
5;1;2043;001;28/03/25;28/03/25;1286807;13538,74;0,00;8034;142296;0,00;0,00
5;1;2044;001;28/03/25;28/03/25;1286808;19680,15;0,00;8034;142296;0,00;0,00
5;1;2045;001;28/03/25;28/03/25;1286809;20119,72;0,00;8034;142296;0,00;0,00
3;1;5;001;28/03/25;28/03/25;6728;170,00;0,00;8034;711;0,00;0,00
5;1;6;001;28/03/25;28/03/25;6731;187,00;0,00;8034;711;0,00;0,00
4;1;6;001;28/03/25;28/03/25;52165;1050,79;0,00;8034;420448;0,00;0,00
3;1;447;001;28/03/25;28/03/25;1847638;2501,43;0,00;8034;561;0,00;0,00
6;1;1541;001;28/03/25;28/03/25;160781;14052,65;0,00;8034;749;0,00;0,00
3;1;1537;001;28/03/25;28/03/25;160797;348442,25;0,00;8034;749;0,00;0,00
4;1;451;001;28/03/25;28/03/25;1847692;4924,83;0,00;8034;561;0,00;0,00
1;1;98;001;28/03/25;28/03/25;120864;264,34;0,00;8032;344021;0,00;0,00
1;1;1;001;28/03/25;28/03/25;2;1120,00;0,00;9198;445313;0,00;0,00
1;1;91;001;31/03/25;31/03/25;3903;89,10;0,00;9198;267460;0,00;0,00
3;1;62;001;31/03/25;31/03/25;714436;294,62;0,00;8034;87728;0,00;0,00
3;1;92;001;31/03/25;31/03/25;3904;89,10;0,00;8034;267460;0,00;0,00
4;1;93;001;31/03/25;31/03/25;3902;89,10;0,00;8034;267460;0,00;0,00
5;1;94;001;31/03/25;31/03/25;3897;89,10;0,00;8034;267460;0,00;0,00
1;1;403;001;31/03/25;31/03/25;60573;11280,00;0,00;9198;172131;0,00;0,00
6;1;418;001;31/03/25;31/03/25;60581;1864,80;0,00;8034;172131;0,00;0,00
5;1;40;001;31/03/25;31/03/25;3742;645,02;0,00;8034;276956;0,00;0,00
5;1;42;001;31/03/25;31/03/25;6075;316,67;0,00;8034;276956;0,00;0,00
1;1;1898;001;31/03/25;31/03/25;1280489;19679,22;0,00;8033;142296;0,00;0,00
1;1;190;001;31/03/25;31/03/25;25377;93067,01;0,00;9198;143754;0,00;0,00
3;1;1929;001;31/03/25;31/03/25;1280479;18945,38;0,00;8034;142296;0,00;0,00
3;1;1930;001;31/03/25;31/03/25;1280480;20710,63;0,00;8034;142296;0,00;0,00
3;1;1931;001;31/03/25;31/03/25;1280481;20623,62;0,00;8034;142296;0,00;0,00
3;1;1932;001;31/03/25;31/03/25;1280482;20710,63;0,00;8034;142296;0,00;0,00
6;1;1985;001;31/03/25;31/03/25;1280485;15588,74;0,00;8034;142296;0,00;0,00
6;1;1986;001;31/03/25;31/03/25;1280486;20260,36;0,00;8034;142296;0,00;0,00
6;1;1987;001;31/03/25;31/03/25;1280487;18399,22;0,00;8034;142296;0,00;0,00
6;1;1988;001;31/03/25;31/03/25;1280488;20172,93;0,00;8034;142296;0,00;0,00
4;1;1967;001;31/03/25;31/03/25;1283744;18711,08;0,00;8034;142296;0,00;0,00
4;1;1968;001;31/03/25;31/03/25;1283745;18812,15;0,00;8034;142296;0,00;0,00
1;1;1;001;31/03/25;31/03/25;127;74773,65;0,00;9198;443867;0,00;0,00
5;1;416;001;31/03/25;31/03/25;61025;2707,20;0,00;8034;172131;0,00;0,00
3;1;407;001;31/03/25;31/03/25;61022;4512,00;0,00;8034;172131;0,00;0,00
6;1;106;001;31/03/25;31/03/25;303;4604,32;0,00;8034;404430;0,00;0,00
3;1;100;001;31/03/25;31/03/25;312;5108,17;0,00;8034;404430;0,00;0,00
5;1;296;001;31/03/25;31/03/25;131623;5278,44;0,00;8034;174868;0,00;0,00
3;1;1953;001;31/03/25;31/03/25;1287562;19753,42;0,00;8034;142296;0,00;0,00
3;1;1944;001;31/03/25;31/03/25;1287564;17105,54;0,00;8034;142296;0,00;0,00
3;1;1954;001;31/03/25;31/03/25;1287563;19716,12;0,00;8034;142296;0,00;0,00
3;1;1945;001;31/03/25;31/03/25;1287565;18833,50;0,00;8034;142296;0,00;0,00
3;1;1947;001;31/03/25;31/03/25;1287967;12431,35;0,00;8034;142296;0,00;0,00
3;1;1955;001;31/03/25;31/03/25;1287966;16869,35;0,00;8034;142296;0,00;0,00
3;1;1948;001;31/03/25;31/03/25;1287968;12990,76;0,00;8034;142296;0,00;0,00
3;1;1949;001;31/03/25;31/03/25;1287969;21245,18;0,00;8034;142296;0,00;0,00
3;1;1946;001;31/03/25;31/03/25;1287964;14146,88;0,00;8034;142296;0,00;0,00
3;1;858;001;31/03/25;31/03/25;66120;8750,63;0,00;8034;165399;0,00;0,00
1;1;422;001;31/03/25;31/03/25;61232;7520,00;0,00;9198;172131;0,00;0,00
1;1;854;001;31/03/25;31/03/25;66114;1798,50;0,00;9198;165399;0,00;0,00
4;1;3;001;31/03/25;31/03/25;2736;178,75;0,00;8034;370122;0,00;0,00
4;1;41;001;31/03/25;31/03/25;11116;250,00;0,00;8034;323204;0,00;0,00
5;1;430;001;31/03/25;31/03/25;61237;2707,20;0,00;8034;172131;0,00;0,00
6;1;305;001;31/03/25;31/03/25;131622;1646,30;0,00;8034;174868;0,00;0,00
4;1;450;001;31/03/25;31/03/25;1845904;7424,64;0,00;8034;561;0,00;0,00
3;1;49;001;31/03/25;31/03/25;219;235,00;0,00;8034;401314;0,00;0,00
1;1;34;001;31/03/25;31/03/25;3410;270,00;0,00;9198;151255;0,00;0,00
1;1;99;001;31/03/25;31/03/25;122131;330,71;0,00;8032;344021;0,00;0,00
1;1;2;001;31/03/25;31/03/25;37500;382,00;0,00;483;446199;0,00;0,00
1;1;2;001;31/03/25;31/03/25;122927;90,00;0,00;483;3164;0,00;0,00
5;1;3;001;31/03/25;31/03/25;62;300,00;0,00;483;444212;0,00;0,00
