1;1;988;001;07/01/2025;07/01/2025;12/2024;1327.97;0.00;821;109;0.00;0.00
1;1;988;001;07/01/2025;07/01/2025;12/2024;1999.32;0.00;821;109;0.00;0.00
1;1;988;001;07/01/2025;07/01/2025;12/2024;2868.70;0.00;821;109;0.00;0.00
1;1;988;001;07/01/2025;07/01/2025;12/2024;1454.23;0.00;821;109;0.00;0.00
1;1;988;001;07/01/2025;07/01/2025;12/2024;1613.33;0.00;821;109;0.00;0.00
1;1;988;001;07/01/2025;07/01/2025;12/2024;1016.27;0.00;821;109;0.00;0.00
1;1;988;001;07/01/2025;07/01/2025;12/2024;987.48;0.00;821;109;0.00;0.00
1;1;988;001;07/01/2025;07/01/2025;12/2024;2305.30;0.00;821;109;0.00;0.00
1;1;988;001;07/01/2025;07/01/2025;12/2024;2674.84;0.00;821;109;0.00;0.00
1;1;988;001;07/01/2025;07/01/2025;12/2024;1724.57;0.00;821;109;0.00;0.00
1;1;988;001;07/01/2025;07/01/2025;12/2024;1099.44;0.00;821;109;0.00;0.00
1;1;988;001;07/01/2025;07/01/2025;12/2024;1860.56;0.00;821;109;0.00;0.00
1;1;988;001;07/01/2025;07/01/2025;12/2024;1416.70;0.00;821;109;0.00;0.00
1;1;988;001;07/01/2025;07/01/2025;12/2024;1489.39;0.00;821;109;0.00;0.00
1;1;988;001;07/01/2025;07/01/2025;12/2024;1119.48;0.00;821;109;0.00;0.00
1;1;988;001;07/01/2025;07/01/2025;12/2024;2449.52;0.00;821;109;0.00;0.00
1;1;988;001;07/01/2025;07/01/2025;12/2024;2501.05;0.00;821;109;0.00;0.00
1;1;988;001;07/01/2025;07/01/2025;12/2024;1227.21;0.00;821;109;0.00;0.00
1;1;988;001;07/01/2025;07/01/2025;12/2024;1224.92;0.00;821;109;0.00;0.00
1;1;988;001;07/01/2025;07/01/2025;12/2024;1611.31;0.00;821;109;0.00;0.00
1;1;988;001;07/01/2025;07/01/2025;12/2024;3536.35;0.00;821;109;0.00;0.00
1;1;988;001;07/01/2025;07/01/2025;12/2024;2291.07;0.00;821;109;0.00;0.00
1;1;988;001;07/01/2025;07/01/2025;12/2024;1023.00;0.00;821;109;0.00;0.00
1;1;988;001;07/01/2025;07/01/2025;12/2024;1613.59;0.00;821;109;0.00;0.00
1;1;988;001;07/01/2025;07/01/2025;12/2024;921.34;0.00;821;109;0.00;0.00
1;1;988;001;07/01/2025;07/01/2025;12/2024;1203.79;0.00;821;109;0.00;0.00
1;1;988;001;07/01/2025;07/01/2025;12/2024;6431.42;0.00;821;109;0.00;0.00
1;1;988;001;07/01/2025;07/01/2025;12/2024;2744.65;0.00;821;109;0.00;0.00
1;1;988;001;07/01/2025;07/01/2025;12/2024;1404.97;0.00;821;109;0.00;0.00
1;1;988;001;07/01/2025;07/01/2025;12/2024;2253.53;0.00;821;109;0.00;0.00
1;1;988;001;07/01/2025;07/01/2025;12/2024;2254.34;0.00;821;109;0.00;0.00
1;1;988;001;07/01/2025;07/01/2025;12/2024;1643.19;0.00;821;109;0.00;0.00
1;1;988;001;07/01/2025;07/01/2025;12/2024;1098.53;0.00;821;109;0.00;0.00
1;1;988;001;07/01/2025;07/01/2025;12/2024;1439.25;0.00;821;109;0.00;0.00
1;1;988;001;07/01/2025;07/01/2025;12/2024;985.86;0.00;821;109;0.00;0.00
1;1;988;001;07/01/2025;07/01/2025;12/2024;1422.38;0.00;821;109;0.00;0.00
1;1;988;001;07/01/2025;07/01/2025;12/2024;891.95;0.00;821;109;0.00;0.00
1;1;988;001;07/01/2025;07/01/2025;12/2024;3138.27;0.00;821;109;0.00;0.00
1;1;988;001;07/01/2025;07/01/2025;12/2024;3487.36;0.00;821;109;0.00;0.00
1;1;988;001;07/01/2025;07/01/2025;12/2024;1699.46;0.00;821;109;0.00;0.00
1;1;988;001;07/01/2025;07/01/2025;12/2024;1027.19;0.00;821;109;0.00;0.00
1;1;988;001;07/01/2025;07/01/2025;12/2024;1476.49;0.00;821;109;0.00;0.00
1;1;988;001;07/01/2025;07/01/2025;12/2024;2270.57;0.00;821;109;0.00;0.00
1;1;988;001;07/01/2025;07/01/2025;12/2024;995.61;0.00;821;109;0.00;0.00
1;1;988;001;07/01/2025;07/01/2025;12/2024;1534.53;0.00;821;109;0.00;0.00
1;1;988;001;07/01/2025;07/01/2025;12/2024;1643.50;0.00;821;109;0.00;0.00
1;1;988;001;07/01/2025;07/01/2025;12/2024;2270.33;0.00;821;109;0.00;0.00
1;1;988;001;07/01/2025;07/01/2025;12/2024;1027.98;0.00;821;109;0.00;0.00
1;1;988;001;07/01/2025;07/01/2025;12/2024;1780.22;0.00;821;109;0.00;0.00
1;1;988;001;07/01/2025;07/01/2025;12/2024;2302.83;0.00;821;109;0.00;0.00
1;1;988;001;07/01/2025;07/01/2025;12/2024;1540.34;0.00;821;109;0.00;0.00
1;1;988;001;07/01/2025;07/01/2025;12/2024;1050.45;0.00;821;109;0.00;0.00
1;1;988;001;07/01/2025;07/01/2025;12/2024;749.69;0.00;821;109;0.00;0.00
1;1;988;001;07/01/2025;07/01/2025;12/2024;1477.94;0.00;821;109;0.00;0.00
1;1;988;001;07/01/2025;07/01/2025;12/2024;1200.09;0.00;821;109;0.00;0.00
1;1;988;001;07/01/2025;07/01/2025;12/2024;1641.02;0.00;821;109;0.00;0.00
1;1;988;001;07/01/2025;07/01/2025;12/2024;987.19;0.00;821;109;0.00;0.00
1;1;988;001;07/01/2025;07/01/2025;12/2024;3122.58;0.00;821;109;0.00;0.00
1;1;988;001;07/01/2025;07/01/2025;12/2024;4189.24;0.00;821;109;0.00;0.00
1;1;988;001;07/01/2025;07/01/2025;12/2024;1352.69;0.00;821;109;0.00;0.00
1;1;988;001;07/01/2025;07/01/2025;12/2024;2237.12;0.00;821;109;0.00;0.00
1;1;988;001;07/01/2025;07/01/2025;12/2024;5737.87;0.00;821;109;0.00;0.00
1;1;988;001;07/01/2025;07/01/2025;12/2024;1019.13;0.00;821;109;0.00;0.00
1;1;988;001;07/01/2025;07/01/2025;12/2024;3615.35;0.00;821;109;0.00;0.00
1;1;988;001;07/01/2025;07/01/2025;12/2024;1683.12;0.00;821;109;0.00;0.00
1;1;988;001;07/01/2025;07/01/2025;12/2024;1417.20;0.00;821;109;0.00;0.00
1;1;988;001;07/01/2025;07/01/2025;12/2024;1643.90;0.00;821;109;0.00;0.00
1;1;988;001;07/01/2025;07/01/2025;12/2024;1295.67;0.00;821;109;0.00;0.00
1;1;988;001;07/01/2025;07/01/2025;12/2024;1706.84;0.00;821;109;0.00;0.00
1;1;988;001;07/01/2025;07/01/2025;12/2024;1457.40;0.00;821;109;0.00;0.00
1;1;988;001;07/01/2025;07/01/2025;12/2024;1576.20;0.00;821;109;0.00;0.00
1;1;988;001;07/01/2025;07/01/2025;12/2024;1129.50;0.00;821;109;0.00;0.00
1;1;988;001;07/01/2025;07/01/2025;12/2024;2202.46;0.00;821;109;0.00;0.00
1;1;988;001;07/01/2025;07/01/2025;12/2024;1131.28;0.00;821;109;0.00;0.00
1;1;988;001;07/01/2025;07/01/2025;12/2024;1567.68;0.00;821;109;0.00;0.00
1;1;988;001;07/01/2025;07/01/2025;12/2024;1050.40;0.00;821;109;0.00;0.00
1;1;988;001;07/01/2025;07/01/2025;12/2024;3819.48;0.00;821;109;0.00;0.00
1;1;988;001;07/01/2025;07/01/2025;12/2024;1718.12;0.00;821;109;0.00;0.00
1;1;988;001;07/01/2025;07/01/2025;12/2024;1580.17;0.00;821;109;0.00;0.00
1;1;988;001;07/01/2025;07/01/2025;12/2024;2909.59;0.00;821;109;0.00;0.00
1;1;988;001;07/01/2025;07/01/2025;12/2024;849.72;0.00;821;109;0.00;0.00
1;1;988;001;07/01/2025;07/01/2025;12/2024;2138.62;0.00;821;109;0.00;0.00
1;1;988;001;07/01/2025;07/01/2025;12/2024;1421.41;0.00;821;109;0.00;0.00
1;1;988;001;07/01/2025;07/01/2025;12/2024;983.02;0.00;821;109;0.00;0.00
1;1;988;001;07/01/2025;07/01/2025;12/2024;1466.78;0.00;821;109;0.00;0.00
1;1;988;001;07/01/2025;07/01/2025;12/2024;2733.03;0.00;821;109;0.00;0.00
1;1;988;001;07/01/2025;07/01/2025;12/2024;1541.88;0.00;821;109;0.00;0.00
1;1;988;001;07/01/2025;07/01/2025;12/2024;1491.83;0.00;821;109;0.00;0.00
1;1;988;001;07/01/2025;07/01/2025;12/2024;1372.72;0.00;821;109;0.00;0.00
1;1;988;001;07/01/2025;07/01/2025;12/2024;1704.36;0.00;821;109;0.00;0.00
1;1;988;001;07/01/2025;07/01/2025;12/2024;1640.03;0.00;821;109;0.00;0.00
1;1;988;001;07/01/2025;07/01/2025;12/2024;1632.44;0.00;821;109;0.00;0.00
1;1;988;001;07/01/2025;07/01/2025;12/2024;469.75;0.00;821;109;0.00;0.00
1;1;988;001;07/01/2025;07/01/2025;12/2024;469.75;0.00;821;109;0.00;0.00
1;1;988;001;07/01/2025;07/01/2025;12/2024;469.75;0.00;821;109;0.00;0.00
1;1;988;001;07/01/2025;07/01/2025;12/2024;469.75;0.00;821;109;0.00;0.00
1;1;988;001;07/01/2025;07/01/2025;12/2024;469.75;0.00;821;109;0.00;0.00
1;1;988;001;09/01/2025;09/01/2025;12/2024;2998.15;0.00;821;109;0.00;0.00
1;1;988;001;07/01/2025;07/01/2025;12/2024;1327.97;0.00;821;109;0.00;0.00
1;1;988;001;07/01/2025;07/01/2025;12/2024;1999.32;0.00;821;109;0.00;0.00
1;1;988;001;07/01/2025;07/01/2025;12/2024;2868.70;0.00;821;109;0.00;0.00
1;1;988;001;07/01/2025;07/01/2025;12/2024;1454.23;0.00;821;109;0.00;0.00